2025-04-13 19:15:51.969757 - Received CBT.V508.FILE389.PDS from FILE389.XMI 
2025-04-13 19:15:51.972212 - Found $$$$$$$$.txt (text/plain) in CBT.V508.FILE389.PDS, moved to PDS/$$$$$$$$
2025-04-13 19:15:51.972300 - Found $$$#DATE.txt (text/plain) in CBT.V508.FILE389.PDS, moved to PDS/$$$#DATE
2025-04-13 19:15:51.972368 - Found $$JCL.txt (text/plain) in CBT.V508.FILE389.PDS, moved to PDS/$$JCL
2025-04-13 19:15:51.972437 - Found $CLDOC.txt (text/plain) in CBT.V508.FILE389.PDS, moved to PDS/$CLDOC
2025-04-13 19:15:51.972527 - Found $CLJCL.jcl (text/plain) in CBT.V508.FILE389.PDS, moved to PDS/$CLJCL
2025-04-13 19:15:51.972597 - Found $HELP.txt (text/plain) in CBT.V508.FILE389.PDS, moved to PDS/$HELP
2025-04-13 19:15:51.972728 - Found $INST220.txt (text/plain) in CBT.V508.FILE389.PDS, moved to PDS/$INST220
2025-04-13 19:15:51.972846 - Found $JCL220.jcl (text/plain) in CBT.V508.FILE389.PDS, moved to PDS/$JCL220
2025-04-13 19:15:51.972947 - Found $JQT.txt (text/plain) in CBT.V508.FILE389.PDS, moved to PDS/$JQT
2025-04-13 19:15:51.973043 - Found $JQTO.txt (text/plain) in CBT.V508.FILE389.PDS, moved to PDS/$JQTO
2025-04-13 19:15:51.973121 - Found $LOG.txt (text/plain) in CBT.V508.FILE389.PDS, moved to PDS/$LOG
2025-04-13 19:15:51.973193 - Found $NCCSJCL.jcl (text/plain) in CBT.V508.FILE389.PDS, moved to PDS/$NCCSJCL
2025-04-13 19:15:51.973264 - Found $NCCSJC1.jcl (text/plain) in CBT.V508.FILE389.PDS, moved to PDS/$NCCSJC1
2025-04-13 19:15:51.973331 - Found $ONLDOC.txt (text/plain) in CBT.V508.FILE389.PDS, moved to PDS/$ONLDOC
2025-04-13 19:15:51.973399 - Found $RNBDOC.txt (text/plain) in CBT.V508.FILE389.PDS, moved to PDS/$RNBDOC
2025-04-13 19:15:51.973478 - Found $SBGDOC.txt (text/plain) in CBT.V508.FILE389.PDS, moved to PDS/$SBGDOC
2025-04-13 19:15:51.973559 - Found $UFDOC.txt (text/plain) in CBT.V508.FILE389.PDS, moved to PDS/$UFDOC
2025-04-13 19:15:51.973629 - Found $WGHDOC.txt (text/plain) in CBT.V508.FILE389.PDS, moved to PDS/$WGHDOC
2025-04-13 19:15:51.973703 - Found @COMPLIB.jcl (text/plain) in CBT.V508.FILE389.PDS, moved to PDS/@COMPLIB
2025-04-13 19:15:51.973771 - Found @FILE389.txt (text/plain) in CBT.V508.FILE389.PDS, moved to PDS/@FILE389
2025-04-13 19:15:51.973848 - Found ACTIVE.txt (text/plain) in CBT.V508.FILE389.PDS, moved to PDS/ACTIVE
2025-04-13 19:15:51.973922 - Found ACTIVEO.txt (text/plain) in CBT.V508.FILE389.PDS, moved to PDS/ACTIVEO
2025-04-13 19:15:51.973995 - Found ALLOCATE.txt (text/plain) in CBT.V508.FILE389.PDS, moved to PDS/ALLOCATE
2025-04-13 19:15:51.974078 - Found ALLOCATO.txt (text/plain) in CBT.V508.FILE389.PDS, moved to PDS/ALLOCATO
2025-04-13 19:15:51.974218 - Found AUTH.txt (text/plain) in CBT.V508.FILE389.PDS, moved to PDS/AUTH
2025-04-13 19:15:51.974293 - Found CDIE.txt (text/plain) in CBT.V508.FILE389.PDS, moved to PDS/CDIE
2025-04-13 19:15:51.974370 - Found CHCT.txt (text/plain) in CBT.V508.FILE389.PDS, moved to PDS/CHCT
2025-04-13 19:15:51.974441 - Found CHCTO.txt (text/plain) in CBT.V508.FILE389.PDS, moved to PDS/CHCTO
2025-04-13 19:15:51.974526 - Found CIOT.txt (text/plain) in CBT.V508.FILE389.PDS, moved to PDS/CIOT
2025-04-13 19:15:51.974609 - Found CJCT.txt (text/plain) in CBT.V508.FILE389.PDS, moved to PDS/CJCT
2025-04-13 19:15:51.974706 - Found CJHIST.txt (text/plain) in CBT.V508.FILE389.PDS, moved to PDS/CJHIST
2025-04-13 19:15:51.974776 - Found CJOE.txt (text/plain) in CBT.V508.FILE389.PDS, moved to PDS/CJOE
2025-04-13 19:15:51.974854 - Found CJQE.txt (text/plain) in CBT.V508.FILE389.PDS, moved to PDS/CJQE
2025-04-13 19:15:51.974938 - Found CKPT.txt (text/plain) in CBT.V508.FILE389.PDS, moved to PDS/CKPT
2025-04-13 19:15:51.975012 - Found CKPTBSAM.txt (text/plain) in CBT.V508.FILE389.PDS, moved to PDS/CKPTBSAM
2025-04-13 19:15:51.975090 - Found CPDDB.txt (text/plain) in CBT.V508.FILE389.PDS, moved to PDS/CPDDB
2025-04-13 19:15:51.975157 - Found CPFK.txt (text/plain) in CBT.V508.FILE389.PDS, moved to PDS/CPFK
2025-04-13 19:15:51.975227 - Found CQUIET.txt (text/plain) in CBT.V508.FILE389.PDS, moved to PDS/CQUIET
2025-04-13 19:15:51.975311 - Found CSPIN.txt (text/plain) in CBT.V508.FILE389.PDS, moved to PDS/CSPIN
2025-04-13 19:15:51.975387 - Found CSPINO.txt (text/plain) in CBT.V508.FILE389.PDS, moved to PDS/CSPINO
2025-04-13 19:15:51.975478 - Found CTGPS.txt (text/plain) in CBT.V508.FILE389.PDS, moved to PDS/CTGPS
2025-04-13 19:15:51.975562 - Found CTSO.txt (text/plain) in CBT.V508.FILE389.PDS, moved to PDS/CTSO
2025-04-13 19:15:51.975649 - Found DDNAME.txt (text/plain) in CBT.V508.FILE389.PDS, moved to PDS/DDNAME
2025-04-13 19:15:51.975723 - Found DDNAMEO.txt (text/plain) in CBT.V508.FILE389.PDS, moved to PDS/DDNAMEO
2025-04-13 19:15:51.975822 - Found DDNAMEX.txt (text/plain) in CBT.V508.FILE389.PDS, moved to PDS/DDNAMEX
2025-04-13 19:15:51.975906 - Found DISPLAY.txt (text/plain) in CBT.V508.FILE389.PDS, moved to PDS/DISPLAY
2025-04-13 19:15:51.975982 - Found DISPLAYO.txt (text/plain) in CBT.V508.FILE389.PDS, moved to PDS/DISPLAYO
2025-04-13 19:15:51.976081 - Found FINDJOB.txt (text/plain) in CBT.V508.FILE389.PDS, moved to PDS/FINDJOB
2025-04-13 19:15:51.976162 - Found FINDJOBO.txt (text/plain) in CBT.V508.FILE389.PDS, moved to PDS/FINDJOBO
2025-04-13 19:15:51.976235 - Found FINDPDDB.txt (text/plain) in CBT.V508.FILE389.PDS, moved to PDS/FINDPDDB
2025-04-13 19:15:51.976328 - Found FORMAT.txt (text/plain) in CBT.V508.FILE389.PDS, moved to PDS/FORMAT
2025-04-13 19:15:51.976425 - Found FORMATO.txt (text/plain) in CBT.V508.FILE389.PDS, moved to PDS/FORMATO
2025-04-13 19:15:51.976539 - Found HELP.txt (text/plain) in CBT.V508.FILE389.PDS, moved to PDS/HELP
2025-04-13 19:15:51.976639 - Found HELPO.txt (text/plain) in CBT.V508.FILE389.PDS, moved to PDS/HELPO
2025-04-13 19:15:51.976751 - Found HEXBLK.txt (text/plain) in CBT.V508.FILE389.PDS, moved to PDS/HEXBLK
2025-04-13 19:15:51.976852 - Found HEXDUMP.txt (text/plain) in CBT.V508.FILE389.PDS, moved to PDS/HEXDUMP
2025-04-13 19:15:51.976975 - Found INIT.txt (text/plain) in CBT.V508.FILE389.PDS, moved to PDS/INIT
2025-04-13 19:15:51.977090 - Found INITO.txt (text/plain) in CBT.V508.FILE389.PDS, moved to PDS/INITO
2025-04-13 19:15:51.977167 - Found INITS.txt (text/plain) in CBT.V508.FILE389.PDS, moved to PDS/INITS
2025-04-13 19:15:51.977237 - Found JCL.txt (text/plain) in CBT.V508.FILE389.PDS, moved to PDS/JCL
2025-04-13 19:15:51.977330 - Found JLOG.txt (text/plain) in CBT.V508.FILE389.PDS, moved to PDS/JLOG
2025-04-13 19:15:51.977402 - Found JMSG.txt (text/plain) in CBT.V508.FILE389.PDS, moved to PDS/JMSG
2025-04-13 19:15:51.977483 - Found LIST.txt (text/plain) in CBT.V508.FILE389.PDS, moved to PDS/LIST
2025-04-13 19:15:51.977602 - Found LISTDS.txt (text/plain) in CBT.V508.FILE389.PDS, moved to PDS/LISTDS
2025-04-13 19:15:51.977715 - Found NULLDSID.txt (text/plain) in CBT.V508.FILE389.PDS, moved to PDS/NULLDSID
2025-04-13 19:15:51.977833 - Found PARSE.txt (text/plain) in CBT.V508.FILE389.PDS, moved to PDS/PARSE
2025-04-13 19:15:51.977976 - Found PRINT.txt (text/plain) in CBT.V508.FILE389.PDS, moved to PDS/PRINT
2025-04-13 19:15:51.978089 - Found QAUTHCK.txt (text/plain) in CBT.V508.FILE389.PDS, moved to PDS/QAUTHCK
2025-04-13 19:15:51.978248 - Found QCOMMON.txt (text/plain) in CBT.V508.FILE389.PDS, moved to PDS/QCOMMON
2025-04-13 19:15:51.978355 - Found QCXX0001.txt (text/plain) in CBT.V508.FILE389.PDS, moved to PDS/QCXX0001
2025-04-13 19:15:51.978461 - Found QPRBGEN.txt (text/plain) in CBT.V508.FILE389.PDS, moved to PDS/QPRBGEN
2025-04-13 19:15:51.978560 - Found QSCE.txt (text/plain) in CBT.V508.FILE389.PDS, moved to PDS/QSCE
2025-04-13 19:15:51.978698 - Found QSTART.txt (text/plain) in CBT.V508.FILE389.PDS, moved to PDS/QSTART
2025-04-13 19:15:51.978800 - Found QSTOP.txt (text/plain) in CBT.V508.FILE389.PDS, moved to PDS/QSTOP
2025-04-13 19:15:51.978903 - Found QTILT.txt (text/plain) in CBT.V508.FILE389.PDS, moved to PDS/QTILT
2025-04-13 19:15:51.979029 - Found QUEUE.txt (text/plain) in CBT.V508.FILE389.PDS, moved to PDS/QUEUE
2025-04-13 19:15:51.979131 - Found Q0.txt (text/plain) in CBT.V508.FILE389.PDS, moved to PDS/Q0
2025-04-13 19:15:51.979240 - Found READSPC.txt (text/plain) in CBT.V508.FILE389.PDS, moved to PDS/READSPC
2025-04-13 19:15:51.979362 - Found REPOS.txt (text/plain) in CBT.V508.FILE389.PDS, moved to PDS/REPOS
2025-04-13 19:15:51.979473 - Found SAVE.txt (text/plain) in CBT.V508.FILE389.PDS, moved to PDS/SAVE
2025-04-13 19:15:51.979587 - Found SAVEO.txt (text/plain) in CBT.V508.FILE389.PDS, moved to PDS/SAVEO
2025-04-13 19:15:51.979749 - Found SEARCH.txt (text/plain) in CBT.V508.FILE389.PDS, moved to PDS/SEARCH
2025-04-13 19:15:51.979903 - Found SEARCHO.txt (text/plain) in CBT.V508.FILE389.PDS, moved to PDS/SEARCHO
2025-04-13 19:15:51.980036 - Found SEARCHP.txt (text/plain) in CBT.V508.FILE389.PDS, moved to PDS/SEARCHP
2025-04-13 19:15:51.980150 - Found SYSLOG.txt (text/plain) in CBT.V508.FILE389.PDS, moved to PDS/SYSLOG
2025-04-13 19:15:51.980287 - Found SYSOUT.txt (text/plain) in CBT.V508.FILE389.PDS, moved to PDS/SYSOUT
2025-04-13 19:15:51.980394 - Found XDS.txt (text/plain) in CBT.V508.FILE389.PDS, moved to PDS/XDS
